1651 2 2928 0 400
869
861
866
863
858
856
856
860
861
864
864
864
865
864
871
880
880
879
869
860
854
854
856
858
861
857
850
846
842
840
837
841
838
840
834
829
823
828
820
821
822
838
835
830
824
831
831
832
829
825
819
821
810
802
800
802
808
802
803
808
806
804
791
782
783
792
784
776
772
778
779
782
781
778
778
780
786
793
786
790
790
793
785
782
779
791
790
789
777
779
781
771
752
747
750
758
739
730
729
742
748
751
757
765
772
780
774
772
762
764
759
750
749
746
748
753
756
758
754
759
761
764
758
746
744
740
730
727
725
730
732
732
722
726
734
734
740
749
743
743
731
711
656
587
519
452
387
331
290
263
239
209
177
161
147
136
114
107
98
101
103
109
105
108
105
98
90
85
84
83
81
82
84
93
88
87
83
86
94
95
96
92
91
99
100
93
69
57
59
65
71
68
72
75
62
51
46
46
38
24
26
32
38
46
46
56
52
58
55
54
50
50
53
55
52
49
41
34
25
35
46
60
63
62
55
50
51
57
64
65
57
56
45
52
49
58
59
60
56
45
39
37
42
43
45
53
51
53
47
45
42
39
34
38
46
62
69
59
51
47
52
57
51
57
43
38
25
19
13
18
21
27
28
31
27
28
20
29
30
43
52
44
26
22
24
36
34
31
19
11
-1
-12
-14
-12
-29
-87
-266
-596
-1007
-1220
-1324
-1335
-1352
-1354
-1357
-1349
-1343
-1335
-1329
-1315
-1322
-1319
-1319
-1313
-1313
-1311
-1308
-1301
-1302
-1307
-1315
-1315
-1306
-1283
-1280
-1286
-1292
-1292
-1283
-1284
-1295
-1301
-1310
-1297
-1295
-1298
-1309
-1305
-1299
-1289
-1295
-1285
-1286
-1279
-1286
-1291
-1282
-1266
-1260
-1271
-1280
-1276
-1264
-1253
-1254
-1250
-1254
-1241
-1234
-1232
-1234
-1240
-1247
-1232
-1223
-1215
-1233
-1235
-1234
-1222
-1223
-1218
-1216
-1216
-1229
-1231
-1231
-1220
-1218
-1216
-1219
-1219
-1201
-1190
-1189
-1188
-1186
-1177
-1182
-1182
-1191
-1190
-1190
-1195
-1205
-1207
-1199
-1181
-1177
-1180
-1185
-1182
-1177
-1173
-1179
-1169
-1163
-1161
-1168
-1171
-1166
-1164
-1161
-1163
-1172
-1166
-1149
-1146
-1157
-1162
-1158
-1147
-1137
-1130
-1137
-1147
-1161
-1157
-1154
-1142
-1137
-1128
-1136
-1133
-1129
-1122
-1125
-1124
-1117
-1104
-1085
-1068
-967
-722
-294
37
185
215
214
228
249
257
254
256
259
266
265
263
261
266
275
278
271
276
278
282
282
277
270
270
269
261
252
248
241
240
224
217
220
230
238
244
235
232
236
240
249
254
255
258
262
266
264
256
248
246
249
252
249
254
261
270
270
277
274
271
271
267
260
260
257
250
233
225
223
232
243
252
252
257
254
260
267
276
273
266
257
260
260
255
242
234
235
243
243
241
236
244
247
260
267
279
273
271
259
258
263
275
266
261
254
256
256
257
253
256
254
252
244
235
238
254
270
273
263
264
260
269
267
268
269
270
259
242
235
242
255
268
270
274
277
292
301
304
308
318
321
331
337
354
380
420
469
515
558
604
663
728
797
849
879
890
895
891
884
884
885
886
877
877
880
881
868
864
869
875
873
876
68
64
62
75
83
86
74
64
58
58
50
53
50
46
42
44
38
43
39
42
39
33
40
56
67
56
42
43
45
54
41
29
22
24
31
39
39
42
47
45
44
41
38
36
26
20
11
8
8
12
13
14
5
4
4
13
16
20
22
17
15
17
12
13
10
20
27
34
23
24
19
26
25
20
9
2
0
7
12
6
-1
2
7
6
2
0
1
-2
-16
-78
-256
-597
-1021
-1252
-1348
-1361
-1368
-1366
-1372
-1356
-1358
-1357
-1366
-1370
-1373
-1367
-1358
-1350
-1353
-1342
-1335
-1323
-1319
-1313
-1317
-1330
-1334
-1333
-1337
-1337
-1333
-1319
-1326
-1325
-1329
-1317
-1307
-1294
-1302
-1314
-1320
-1306
-1304
-1300
-1296
-1290
-1283
-1277
-1273
-1262
-1251
-1239
-1243
-1244
-1241
-1243
-1252
-1263
-1265
-1263
-1265
-1271
-1268
-1262
-1254
-1252
-1253
-1253
-1237
-1229
-1227
-1232
-1247
-1246
-1249
-1238
-1243
-1241
-1241
-1234
-1245
-1248
-1258
-1250
-1241
-1230
-1234
-1231
-1231
-1218
-1208
-1203
-1215
-1206
-1200
-1192
-1200
-1204
-1201
-1195
-1191
-1195
-1191
-1182
-1176
-1174
-1185
-1187
-1179
-1161
-1160
-1156
-1156
-1155
-1165
-1173
-1186
-1177
-1176
-1167
-1169
-1169
-1172
-1169
-1169
-1171
-1175
-1159
-1142
-1131
-1146
-1148
-1145
-1135
-1127
-1125
-1119
-1110
-1105
-1098
-1108
-1114
-1126
-1129
-1120
-1090
-978
-740
-316
21
182
235
245
257
252
252
254
261
257
257
252
249
242
238
241
246
250
257
256
255
249
253
254
256
256
256
257
259
260
262
257
259
259
259
260
261
256
248
239
236
235
238
250
256
262
271
267
266
257
257
254
258
258
252
253
258
263
262
253
255
254
255
257
253
256
257
259
248
235
231
237
244
238
233
228
224
231
239
234
238
244
262
263
267
261
260
261
262
254
251
248
244
238
240
246
254
257
253
247
254
257
258
245
242
243
251
247
253
255
260
256
253
250
252
259
267
260
254
244
244
249
259
267
276
277
268
253
252
254
261
269
273
278
285
292
296
290
299
300
306
309
329
350
376
401
427
452
493
539
599
657
728
803
863
899
903
895
894
894
891
883
879
885
899
895
885
