1. measurement with 1500  byte packets: 
974.431438
919.827788
955.375131
927.018013
930.020799
977.574577
966.261794
955.654073
954.762033
994.021866
920.552143
1006.059876
916.736276
879.160677
926.388317
936.888940
1015.612263
964.212337
927.228102
918.537127
974.083447
938.393119
974.953890
999.424489
1043.922689
899.405144
939.039247
974.025473
979.036612
963.701331
899.504012
919.776092
968.549210
980.385551
931.396961
977.866635
970.674733
968.205407
946.369976
938.877632
992.936294
907.534853
914.584553
955.598272
954.038475
962.907508
935.817475
1012.408042
938.823772
964.951415
955.263600
984.750948
964.610161
911.528127
950.326694
955.096352
977.107648
973.851592
936.352901
970.789892
954.706335
944.785591
912.646442
945.003811
917.352915
958.227999
943.695998
945.823036
995.775844
960.083069
944.240480
904.725303
954.149720
988.498188
935.122336
936.138657
921.485135
953.149447
938.985369
898.072546
946.096427
936.674451
994.082245
900.147187
993.901130
1005.441789
954.094094
922.160140
956.380084
994.021866
933.575357
974.373422
936.352901
962.850856
925.968994
973.098823
992.454579
976.582886
887.119254
936.728064
955.263600
964.780758
984.454764
973.098823
950.271513
936.728064
1016.937550
944.731051
994.323835
1017.569856
920.086355
945.659078
964.212337
967.518534
952.927448
917.507204
991.672787
953.816062
954.149720
964.496464
934.748458
991.072246
974.895812
974.663570
955.821516
984.158759
975.070067
936.781683
925.811846
991.372425
972.693967
956.659613
884.673550
968.778547
994.867842
972.983115
920.500366
920.862930
991.192296
955.096352
776.208310
891.954218
938.554568
955.709881
1035.730397
1003.776742
938.016622
954.427947
1035.795949
954.594960
938.985369
955.765695
946.041737
993.056796
937.962861
980.326824
955.207845
972.867436
910.463199
982.209579
960.139396
995.351904
728.557005
920.552143
942.989110
932.511453
937.103527
933.948297
918.382492
930.549611
936.245767
955.430907
928.754100
890.401306
974.431438
495926.546080
952.982938
954.929163
955.430907
940.226129
927.228102
955.152095
939.848159
964.155532
965.235978
907.786554
970.386955
982.504413
930.655445
978.509776
911.375842
954.427947
928.596005
921.692724
920.759311
935.817475
981.502699
936.567243
911.883657
1058.164748
Mean capacity with 1500 byte packets is 3426.681243 kbps.

2. measurement with 200  byte packets: 
943.804844
829.056535
845.111077
973.706738
1194.349644
606.637976
987.365068
717.080776
759.776045
602.617178
727.601467
602.284516
720.871093
735.448871
865.903492
746.519603
748.825257
757.928725
550.890381
1483.396873
614.842716
734.705993
550.890381
734.211575
738.935591
661.636386
739.687051
926.178608
828.427031
936.915758
748.055125
977.632975
834.127217
729.303743
823.425208
654.295892
945.440555
724.461089
648.655410
655.475158
540.519396
674.729994
955.793605
946.260538
682.752441
818.483421
669.759607
498.646435
742.455529
601.288730
632.669411
732.732304
659.237704
752.959558
977.195163
697.371940
829.686996
662.439830
607.482405
847.737685
1000.952661
831.267352
742.202993
657.252048
764.300105
672.235613
829.686996
621.143410
650.201669
948.729043
571.673251
1376.704606
748.568370
809.976540
667.301774
631.753561
550.334628
873.529544
731.504123
585.007185
996.837277
850.049396
658.640749
658.044873
731.994901
759.511591
750.370289
714.030367
832.853740
843.477696
744.990372
732.486338
668.323675
657.054140
922.654038
856.724303
749.596977
947.904778
659.436930
666.486500
897.604607
711.237549
745.244809
953.288248
732.732304
941.361864
602.617178
746.519603
541.189683
665.267317
791.467827
923.434956
1144.846170
625.057806
753.219468
808.775686
747.798766
750.370289
650.201669
599.966126
829.686996
796.669149
747.798766
660.035330
765.640982
611.225994
766.717077
919.543531
592.472658
880.579822
754.260906
741.950629
742.708237
747.030743
793.771117
599.636384
853.373797
778.201427
734.211575
745.754204
961.267313
666.486500
736.193252
675.774791
728.816566
552.005262
648.269994
557.078581
610.029857
830.950800
757.928725
638.034152
751.403857
604.286015
689.221984
612.770795
641.409994
676.193616
851.376044
872.830720
686.187673
783.229289
590.868346
769.149383
760.570512
631.205323
697.817972
652.730123
849.057121
840.877380
745.244809
738.935591
872.481727
887.383815
946.260538
670.789056
896.866749
604.620892
954.121906
626.493483
938.124162
807.578386
960.421127
747.542583
574.230737
600.461420
745.499419
654.099760
728.816566
756.352444
653.120862
805.194391
847.079503
455.168294
859.762333
648.269994
730.524540
921.096159
703.895742
759.511591
Mean capacity with 200 byte packets is 756.799592 kbps.

3. measurement with 800  byte packets: 
1052.490920
946.260538
976.211520
893.378424
839.018283
893.561343
824.202757
897.604607
1001.526931
895.854172
888.286912
869.007089
932.910133
974.794193
930.820860
839.744776
931.516243
1017.403800
1054.270709
904.394073
823.969338
837.408347
839.098943
925.393045
893.378424
969.596445
882.360210
927.359456
864.873880
831.346528
811.935553
959.154637
843.314705
993.546636
946.876459
896.958915
938.124162
851.791471
862.821985
886.842837
932.113114
962.008950
940.753093
941.869774
893.104185
867.711224
967.447041
860.440379
956.422003
897.235526
1011.039870
988.371328
879.603668
940.854500
886.212529
812.086639
824.903809
830.318417
897.696925
892.830115
870.567245
862.140182
867.452514
858.493872
931.516243
866.677311
1007.422345
892.921453
824.358444
903.925766
927.655139
865.131054
941.666544
1006.260918
999.348202
876.072187
979.607991
906.366272
812.464600
838.615219
887.293606
866.935558
960.526819
926.276897
877.216804
929.928319
894.935630
868.056410
1012.799629
865.817597
957.156179
983.028179
925.982092
980.929108
847.408466
839.018283
924.021512
897.881617
1000.723137
923.434956
881.024245
907.780260
867.366312
892.738795
971.322858
1001.067462
934.908655
959.470946
820.175456
934.208199
838.373566
847.737685
965.841231
883.163736
998.776428
896.958915
844.538674
907.119850
872.045879
871.784578
867.624970
924.315069
925.687475
960.844033
897.512308
895.027400
927.260937
811.030217
1005.449510
983.692911
973.924035
911.667767
900.196700
892.921453
882.895731
852.706839
921.485135
959.049247
944.928786
996.382100
960.949818
867.970088
910.146736
868.315480
930.324792
995.813714
912.048819
931.218095
962.751732
868.920577
975.120903
899.083972
883.521328
954.643684
897.235526
1036.985529
904.113031
899.176594
895.946130
943.192911
858.662784
931.516243
937.620281
936.915758
974.576507
1005.333702
1006.957453
907.685857
888.467752
813.373143
815.882146
937.620281
1007.422345
956.736512
1037.478569
875.193743
854.543489
883.074383
850.132191
906.837112
916.550163
901.964162
936.714660
993.772879
1022.409184
852.790151
900.011054
893.835863
908.252570
949.038513
935.710463
933.009856
945.440555
853.707668
808.850635
848.891967
944.519771
905.332144
841.363717
1001.526931
Mean capacity with 800 byte packets is 913.243383 kbps.

4. measurement with 1500  byte packets: 
956.939305
940.226129
945.549804
1004.207891
952.705554
649.762814
955.375131
960.533865
926.913004
921.329505
944.077070
950.768373
948.784045
1008.291294
924.347698
964.951415
956.491876
990.172798
923.669489
959.688970
946.315254
934.695071
919.724401
924.765553
956.044865
884.147812
943.478381
957.387153
985.640569
954.539283
916.736276
944.621991
940.442248
1000.401981
978.041953
1002.854096
940.010109
936.406477
906.479229
932.936723
965.008314
961.380250
909.299700
969.180149
1005.812550
1008.167067
943.913716
990.592337
945.222132
923.252623
937.962861
956.939305
1011.032063
977.049313
955.207845
952.816488
919.776092
923.200542
901.138484
996.442767
1002.792647
938.716072
952.594645
975.128165
991.312375
952.428330
984.632453
1013.976208
958.452474
997.232100
995.351904
956.715538
979.270943
947.356064
975.302503
947.575473
935.496513
937.425593
991.072246
969.696984
937.479292
907.988016
951.044630
1020.679556
930.761304
931.449972
946.862763
1005.874370
966.889755
897.579992
980.738060
971.193164
904.075572
912.239465
964.837637
1000.035197
954.817736
920.655716
987.365068
974.721620
968.090861
955.877344
929.598182
951.929735
959.576429
936.835308
924.556579
940.928879
956.603694
946.807984
966.090673
995.049310
908.290376
954.427947
974.083447
1020.743217
953.982862
1007.050397
913.665476
946.205828
964.325968
950.823611
930.973093
933.895001
948.179374
965.065220
890.207572
964.894523
994.807367
946.260538
912.086942
954.650645
936.352901
946.315254
960.308415
963.587847
965.463748
1048.672049
983.862931
989.693759
965.976626
1018.266302
956.268318
938.823772
983.626397
998.387994
958.620900
950.437075
890.255997
985.759306
994.625988
920.138086
902.231435
932.670884
1040.669973
934.161539
913.614470
937.855358
1070.695191
956.268318
921.692724
935.229213
958.957928
1016.432271
937.747880
962.567698
1024.577474
952.151268
998.083552
902.878517
958.396346
895.958393
937.694150
981.032011
951.376352
1017.316840
960.590245
946.753211
916.376953
984.040406
975.302503
994.686440
920.655716
951.376352
954.650645
960.026750
978.626801
932.830369
975.360629
955.207845
960.703023
985.818686
990.472432
938.070389
941.849448
900.940050
984.277140
929.756619
969.007993
990.232710
Mean capacity with 1500 byte packets is 955.867747 kbps.

5. measurement with 1500  byte packets: 
974.199417
956.212445
934.695071
1015.612263
994.625988
917.095881
992.635167
1029.864452
949.059151
932.139659
1034.617271
991.312375
1004.392783
986.115691
922.576019
1013.724975
938.339315
972.636158
956.771470
915.351865
942.066314
928.174682
969.065372
1017.380082
935.924511
935.068906
907.082142
945.877702
933.362382
997.171338
887.359757
932.192755
966.204747
998.022686
974.837741
871.343627
911.274347
999.241421
955.096352
887.552253
982.681398
944.186004
951.763652
918.382492
962.680941
948.124442
934.214865
952.206668
914.891324
969.065372
599.735268
957.331149
960.985085
981.561567
946.972341
1041.796168
888.902069
963.020831
915.710385
953.093937
932.139659
975.651365
919.827788
956.380084
927.543414
990.052995
909.552381
945.495176
976.932665
954.427947
946.862763
955.319363
980.503026
953.760476
959.914130
906.479229
975.128165
954.817736
957.219161
959.970436
957.443164
1014.667741
1030.448054
948.124442
918.382492
1010.283104
937.479292
951.763652
897.579992
997.049836
968.835899
942.880452
939.147022
992.093598
917.250084
943.804844
946.315254
961.888797
1029.152056
939.524427
948.619059
922.836134
1009.410720
925.654751
1009.722113
912.239465
955.989018
985.878072
980.561774
934.054906
938.554568
962.907508
888.950353
936.620844
936.728064
990.292630
955.821516
936.352901
939.254821
998.387994
991.132267
920.138086
986.115691
994.988813
974.083447
962.454481
956.939305
955.375131
922.732070
950.934108
933.895001
1040.273074
997.718466
977.574577
928.332634
909.754628
972.404991
904.475296
1176.956203
970.041847
962.171556
981.797108
938.608396
960.928660
986.888741
990.412491
992.936294
979.505387
980.796836
980.679291
960.533865
929.967951
976.874351
994.203025
965.008314
955.821516
960.928660
939.956120
944.131533
939.902136
868.615042
1018.519791
1005.071301
958.733216
914.277989
936.299331
966.775520
992.153744
931.556011
921.848476
993.418478
939.578367
960.533865
910.361907
955.040616
985.165904
1006.183584
905.576361
937.479292
984.691697
946.643683
902.629530
965.862606
956.491876
962.511086
938.285518
948.674048
960.533865
939.740224
949.334416
955.654073
946.151124
929.387018
1012.658623
944.077070
956.827409
955.040616
941.145322
902.231435
952.539200
Mean capacity with 1500 byte packets is 955.855917 kbps.

6. measurement with 200  byte packets: 
894.293770
741.194565
644.060449
763.497831
737.686545
839.583224
550.057172
673.480494
860.101222
953.704895
607.820836
785.767663
622.206102
554.107872
773.511804
889.191850
1035.140797
748.311660
1083.454220
679.774704
959.576429
782.667432
689.875688
693.383159
876.336064
613.459882
882.003557
695.371829
867.970088
928.148362
1144.245831
968.950622
513.792512
663.245228
837.971121
659.436930
834.127217
777.369719
1405.977320
520.037369
873.529544
625.057806
556.368383
662.842284
696.259349
818.176528
797.251297
603.951508
777.923993
604.788470
621.320273
708.006749
657.450075
565.597926
837.328012
574.684435
721.109319
770.235369
669.965244
861.119495
684.465747
760.835704
521.903085
1323.272771
665.267317
664.659397
902.803806
752.959558
604.788470
592.955652
666.690131
519.294812
720.871093
554.530318
820.946877
719.919762
655.081597
729.303743
605.627755
551.168679
874.229487
705.716947
751.921709
692.502951
597.174822
975.884079
875.632745
865.216812
608.838393
961.690965
617.103167
953.288248
588.002371
824.358444
753.219468
648.269994
818.790544
728.573222
579.261163
794.059971
819.713298
901.684628
891.007268
874.930553
843.151777
703.668752
884.147812
578.033589
583.599037
762.963916
687.268283
639.155477
856.052099
932.113114
679.563002
1223.137220
720.395114
1031.227221
737.188108
601.620292
861.799684
735.696831
604.286015
928.148362
543.345817
1000.952661
651.366209
543.752006
1099.283023
550.473461
743.720791
754.521715
1318.475408
724.701694
828.112638
1062.872284
711.005800
466.854258
827.798483
724.942458
803.119912
1034.159621
669.759607
1315.296444
647.116489
657.846488
887.744833
806.384627
656.263699
830.318417
719.207910
734.211575
839.906390
650.783418
830.002587
979.827930
1012.564640
644.440874
768.607538
669.348712
724.461089
707.089047
696.926477
640.844875
733.717821
831.901182
840.229804
1123.045188
552.284687
1347.792959
652.730123
834.446195
653.512069
692.283249
728.087020
667.710159
654.295892
749.339560
733.717821
595.382483
740.942886
677.663602
798.126116
807.578386
808.775686
757.402569
753.219468
818.790544
662.842284
606.975466
642.354077
765.372431
869.699801
900.940050
754.000276
838.937639
765.372431
834.765417
597.501862
606.637976
Mean capacity with 200 byte packets is 764.711402 kbps.

7. measurement with 800  byte packets: 
926.473538
832.377189
911.763000
927.457996
980.598495
935.409624
1004.523789
1023.248206
888.015790
915.492679
1002.332017
896.866749
870.046571
926.965506
871.610465
913.671852
1019.304823
885.223854
881.469117
868.056410
894.752148
897.604607
1371.512759
991.402453
1052.617849
1006.028953
883.879210
975.556857
848.314433
865.388380
939.537912
1006.725167
899.361896
1107.653198
1013.622947
945.440555
900.940050
853.540700
823.347533
861.119495
903.738579
992.868525
875.193743
942.479991
841.769428
877.040514
801.939287
937.922545
917.610093
939.335687
1050.211431
937.318213
994.565542
842.988912
842.013043
875.369291
979.937936
926.867070
870.480423
986.695365
913.767504
907.497110
876.512071
940.854500
892.100082
967.983498
943.090999
1009.870091
916.646419
1050.337810
891.280221
890.098633
906.178073
814.739774
855.632507
910.811562
879.603668
941.158853
976.539181
936.011496
938.527656
926.375207
874.492255
898.251230
879.869677
899.361896
903.925766
926.670262
829.923666
887.654551
892.738795
867.280127
934.408222
960.104191
1039.950816
865.989404
932.113114
927.063962
869.180163
903.832163
907.308441
837.890679
1005.102165
884.864882
938.931497
903.364438
872.918012
930.423963
865.817597
824.903809
988.595220
841.850617
812.162203
926.178608
839.583224
839.825575
901.219122
959.681935
958.522644
959.260051
865.731720
848.479362
893.286992
1046.936212
898.528639
930.423963
1011.508541
897.696925
928.444548
867.538734
853.707668
815.501000
930.622369
866.763376
912.525583
897.327768
881.024245
891.280221
849.552969
862.225348
970.782694
950.485375
1011.391333
924.412963
843.314705
963.176694
819.867293
1003.369031
930.225642
963.176694
970.782694
945.031096
1046.057910
889.735698
928.740924
925.982092
869.353307
914.437632
932.312241
944.417572
1048.949309
960.526819
851.459097
902.243870
890.280212
841.201542
993.772879
840.715392
963.282993
957.366151
884.595845
844.456966
746.264295
935.610162
974.794193
961.902931
897.604607
897.420029
875.632745
897.051100
923.044332
870.827816
874.141933
1039.207906
968.735538
941.869774
877.128650
909.767271
931.416839
814.359694
959.260051
930.721604
997.748880
999.462636
1042.559388
967.339820
877.746098
867.970088
857.987536
898.343681
Mean capacity with 800 byte packets is 919.716813 kbps.

